CURRENT_UPD_TIME:1739875321.8501961
PREV_UPD_TIME:1738862781.3945606
