CURRENT_UPD_TIME:1738862929.419667
PREV_UPD_TIME:1738862781.3945606
